   8.1472368639317894e-01   3.5711678574189554e-02   7.6551678814900237e-01   6.9907672265668597e-01   9.1719366382981005e-01   6.0198194140163652e-01   8.4435845510910323e-02   1.2331893483516554e-01   5.7520859507846556e-01   8.1125768865785264e-02   2.0774229273302847e-01   2.6221174778084544e-01   5.2113583080400150e-01   7.7905172323127514e-01   4.8990138851222387e-01   4.5379770872691949e-01   3.7240974005553695e-01   1.2801439972017259e-01   3.8461912436941081e-01   1.7876618675236822e-01   7.7880224182409252e-01
   9.0579193707561922e-01   8.4912930586877711e-01   7.9519990113706318e-01   8.9090325253579850e-01   2.8583901882037355e-01   2.6297128454014429e-01   3.9978264909889649e-01   1.8390778828241672e-01   5.9779542947155817e-02   9.2938597096872999e-01   3.0124633027949066e-01   6.0284308938208298e-01   2.3159438670852384e-01   7.1503707840069408e-01   1.6792714568225675e-01   4.3239150378346169e-01   1.9811840254297464e-01   9.9908039476136068e-01   5.8298638274767389e-01   4.2288568910008451e-01   4.2345291896273829e-01
   1.2698681629350606e-01   9.3399324775755055e-01   1.8687260455437860e-01   9.5929142520544430e-01   7.5720022911072127e-01   6.5407909847678225e-01   2.5987040285065421e-01   2.3995252566490277e-01   2.3477991337240633e-01   7.7571267860840232e-01   4.7092334851759066e-01   7.1121578043368294e-01   4.8889774392016694e-01   9.0372056055631633e-01   9.7868064964115875e-01   8.2531379540204564e-01   4.8968763801602389e-01   1.7112106635643209e-01   2.5180612247231282e-01   9.4229338887734659e-02   9.0823285787439478e-02
   9.1337585613901939e-01   6.7873515485777347e-01   4.8976439578823106e-01   5.4721552996380307e-01   7.5372909427849533e-01   6.8921450314000776e-01   8.0006848022430754e-01   4.1726706908436950e-01   3.5315857122207106e-01   4.8679163240317236e-01   2.3048816021155849e-01   2.2174673401724010e-01   6.2406008817368952e-01   8.9092250433078923e-01   7.1269447167891409e-01   8.3469814858914027e-02   3.3949341339075767e-01   3.2600820530528041e-02   2.9044066427697934e-01   5.9852366875674112e-01   2.6647149077907240e-01
   6.3235924622540951e-01   7.5774013057833345e-01   4.4558620071089949e-01   1.3862444282867914e-01   3.8044584697535666e-01   7.4815159282370947e-01   4.3141382746354462e-01   4.9654430325742127e-02   8.2119404019795905e-01   4.3585858858091908e-01   8.4430879269538905e-01   1.1741765085580591e-01   6.7913554086574768e-01   3.3416305273749625e-01   5.0047162415484303e-01   1.3317100760716172e-01   9.5163046477772695e-01   5.6119979270966014e-01   6.1709088439322335e-01   4.7092425635833401e-01   1.5365671759130661e-01
   9.7540404999409525e-02   7.4313246812491618e-01   6.4631301011126463e-01   1.4929400555905747e-01   5.6782164072522112e-01   4.5054159850249775e-01   9.1064759442952292e-01   9.0271610991528106e-01   1.5403437651555052e-02   4.4678374942980625e-01   1.9476428956704928e-01   2.9667587321832689e-01   3.9551521566859305e-01   6.9874583233479448e-01   4.7108837454193930e-01   1.7338861311900555e-01   9.2033203983656375e-01   8.8186650045180992e-01   2.6528090981002939e-01   6.9594931330160792e-01   2.8100530253387090e-01
   2.7849821886704840e-01   3.9222701953416816e-01   7.0936483085807256e-01   2.5750825412373646e-01   7.5854289563063615e-02   8.3821377996932567e-02   1.8184702830285249e-01   9.4478718972164599e-01   4.3023801657807836e-02   3.0634947201655738e-01   2.2592178097239879e-01   3.1877830192588230e-01   3.6743664854447655e-01   1.9780982668592917e-01   5.9618867579639190e-02   3.9093780232373554e-01   5.2676997680792592e-02   6.6917530453439378e-01   8.2437626668883501e-01   6.9988784992829156e-01   4.4008513900172086e-01
   5.4688151920498385e-01   6.5547789017755664e-01   7.5468668198236089e-01   8.4071725598366254e-01   5.3950118666607150e-02   2.2897696871681883e-01   2.6380291652199006e-01   4.9086409246807994e-01   1.6899002946270436e-01   5.0850865538112699e-01   1.7070804714785859e-01   4.2416675971380724e-01   9.8798200316163276e-01   3.0540946304636662e-02   6.8197190414906317e-01   8.3137974283906957e-01   7.3785809551699655e-01   1.9043326717995412e-01   9.8266339972195027e-01   6.3853075827183792e-01   5.2714274176065223e-01
   9.5750683543429760e-01   1.7118668781156177e-01   2.7602507699857837e-01   2.5428217897153105e-01   5.3079755300897269e-01   9.1333736150166955e-01   1.4553898038471702e-01   4.8925263840001887e-01   6.4911547495645205e-01   5.1077156417210967e-01   2.2766429781655351e-01   5.0785828466111815e-01   3.7738866239552138e-02   7.4407426036746238e-01   4.2431137500741678e-02   8.0336439160244022e-01   2.6911942639855591e-01   3.6891654606389490e-01   7.3024879226759765e-01   3.3603836066429471e-02   4.5742436568767397e-01
   9.6488853519927653e-01   7.0604608801960878e-01   6.7970267685367480e-01   8.1428482606881636e-01   7.7916723010201117e-01   1.5237801896922298e-01   1.3606855870866374e-01   3.3771940982137716e-01   7.3172238565867032e-01   0   0   8.5515797090043977e-02   8.8516800820247532e-01   5.0002243559020088e-01   7.1445464600642383e-02   6.0471179169893641e-02   4.2283561500880784e-01   4.6072593726041156e-01   3.4387700411498312e-01   6.8806099118051245e-02   8.7537159860418490e-01
   1.5761308167754828e-01   3.1832846377420676e-02   6.5509800397384066e-01   2.4352496872498930e-01   9.3401068422918299e-01   8.2581697748954741e-01   8.6929220764008930e-01   9.0005384641766195e-01   6.4774596313630672e-01   0   0   2.6248223469833265e-01   9.1328682763923896e-01   4.7992214114606047e-01   5.2164984246428370e-01   3.9925777061357570e-01   5.4787090121484472e-01   9.8163795097074968e-01   5.8406933327845201e-01   3.1959973518049611e-01   5.1805210836110416e-01
   9.7059278176061570e-01   2.7692298496088996e-01   1.6261173519463057e-01   9.2926362318722777e-01   1.2990620847373013e-01   5.3834243526005710e-01   5.7970458736557018e-01   3.6924678112021503e-01   4.5092370643094493e-01   6.4431813019369166e-01   9.2337964210324386e-01   8.0101462276973878e-01   7.9618387358521203e-01   9.0472223806736274e-01   9.6730025780866979e-02   5.2687583050829589e-01   9.4273698427693431e-01   1.5640495222656348e-01   1.0776901524374305e-01   5.3086428069412650e-01   9.4362262454838786e-01
   9.5716694824294557e-01   4.6171390631153941e-02   1.1899768155837664e-01   3.4998376598480874e-01   5.6882366087219272e-01   9.9613471662688546e-01   5.4986020183633200e-01   1.1120275529378743e-01   5.4700889228634497e-01   3.7860938266026845e-01   4.3020739132958397e-01   2.9220277562146291e-02   9.8712278655574304e-02   6.0986664842255844e-01   8.1814855385962471e-01   4.1679946793078693e-01   4.1774410431666220e-01   8.5552280584591134e-01   9.0630815064973291e-01   6.5444570775706634e-01   6.3770909807217402e-01
   4.8537564872284122e-01   9.7131781235847536e-02   4.9836405198214295e-01   1.9659525043120818e-01   4.6939064105820583e-01   7.8175528753183676e-02   1.4495479822372681e-01   7.8025206832113791e-01   2.9632080560777319e-01   8.1158045828247716e-01   1.8481632012413607e-01   9.2885413947804463e-01   2.6187118387071606e-01   6.1766638958845466e-01   8.1754709207928633e-01   6.5685989097370723e-01   9.8305246646985611e-01   6.4476453687008795e-01   8.7965372448190482e-01   4.0761919704115257e-01   9.5769393984158324e-01
   8.0028046888880011e-01   8.2345782832729264e-01   9.5974395851608107e-01   2.5108385797603106e-01   1.1902069501241397e-02   4.4267826977544633e-01   8.5303111772189366e-01   3.8973883696125344e-01   7.4469280707415619e-01   5.3282558879945485e-01   9.0488096867989287e-01   7.3033086285545290e-01   3.3535683996279653e-01   8.5944230564621227e-01   7.2243959236684230e-01   6.2797335919010422e-01   3.0145494871206546e-01   3.7627221027883162e-01   8.1776055937064185e-01   8.1998122278194063e-01   2.4070703548016026e-01
   1.4188633862721534e-01   6.9482862297581705e-01   3.4038572666613320e-01   6.1604467614663916e-01   3.3712264439888151e-01   1.0665277018058439e-01   6.2205513148506597e-01   2.4169128591383271e-01   1.8895501503254453e-01   3.5072710357688330e-01   9.7974837835608519e-01   4.8860897380357915e-01   6.7972795137733799e-01   8.0548942452968564e-01   1.4986544247796685e-01   2.9198407996171494e-01   7.0109875590092630e-01   1.9092369523630304e-01   2.6072799905546462e-01   7.1835894320588367e-01   6.7612230386375183e-01
   4.2176128262627499e-01   3.1709948006086053e-01   5.8526775097977735e-01   4.7328884890272926e-01   1.6218230819324275e-01   9.6189808085505368e-01   3.5095238089227088e-01   4.0391214558811472e-01   6.8677543336531499e-01   9.3900156199988682e-01   4.3886997312610321e-01   5.7852506102343892e-01   1.3655313735536967e-01   5.7672151561468510e-01   6.5960525290830718e-01   4.3165117024872024e-01   6.6633885158442563e-01   4.2825299297938602e-01   5.9435625066433084e-01   9.6864933023109367e-01   2.8906457167447674e-01
   9.1573552518906709e-01   9.5022204883835493e-01   2.2381193949113698e-01   3.5165950706299676e-01   7.9428454068390697e-01   4.6342241340674439e-03   5.1324953986705335e-01   9.6454525168388594e-02   1.8351115573726973e-01   8.7594281149298381e-01   1.1111922344059877e-01   2.3728357977152148e-01   7.2122749858174018e-01   1.8292246941491397e-01   5.1859494251053817e-01   1.5487125636018950e-02   5.3912646504285666e-01   4.8202206103185630e-01   2.2512592740231763e-02   5.3133390656567447e-01   6.7180816541421517e-01
   7.9220732955955442e-01   3.4446080502908760e-02   7.5126705930565285e-01   8.3082862789629086e-01   3.1121504204480488e-01   7.7491046471150238e-01   4.0180803375194174e-01   1.3197329260633506e-01   3.6848459649033649e-01   5.5015634289842219e-01   2.5806469591206693e-01   4.5884882817993111e-01   1.0676186160724144e-01   2.3993201056871738e-01   9.7297455476386252e-01   9.8406372437915379e-01   6.9810552018030836e-01   1.2061161329716230e-01   4.2525932021413493e-01   3.2514568182056003e-01   6.9514049955173718e-01
   9.5949242639290300e-01   4.3874435965639824e-01   2.5509511545926911e-01   5.8526409115272426e-01   5.2853313550621273e-01   8.1730322065343297e-01   7.5966691690841914e-02   9.4205059077548514e-01   6.2561856072969035e-01   6.2247508600122747e-01   4.0871984611255208e-01   9.6308853928691296e-01   6.5375734866855961e-01   8.8651193307610132e-01   6.4899149271235612e-01   1.6716840991465598e-01   6.6652791340258688e-01   5.8950748469505898e-01   3.1271888682061555e-01   1.0562920332902193e-01   6.7992768470010567e-02
   6.5574069915658684e-01   3.8155845709300840e-01   5.0595705166514238e-01   5.4972360829113953e-01   1.6564872949978093e-01   8.6869470536350968e-01   2.3991615355365803e-01   9.5613454022980227e-01   7.8022743515137682e-01   5.8704470453141677e-01   5.9489607400861433e-01   5.4680571873896799e-01   4.9417393663927012e-01   2.8674152464106095e-02   8.0033057535240149e-01   1.0621634492866383e-01   1.7813245440033776e-01   2.2618767975267573e-01   1.6148474431174997e-01   6.1095865874620059e-01   2.5479015659700532e-01
